Time	Population1	Population2	Population3
0.002654	0.9780657988115637	0.021930972965808152	3.228222628100935e-06
0.005308	0.9165676075554035	0.08338626699415154	4.612545044500871e-05
0.007962	0.8286492687149061	0.17114690488433568	0.0002038264007582502
0.010616	0.7376105002262298	0.2618381023741608	0.0005513973996094657
0.01327	0.6700411743311642	0.32884238001452537	0.0011164456543104606
0.015924	0.6367307122250998	0.3613985592018301	0.0018707285730700796
0.018578	0.6257122259345749	0.37156907640784376	0.0027186976575813704
0.021232	0.6161418379084006	0.3804196626704009	0.0034384994211985043
0.023886	0.5939053387585786	0.40226156037939503	0.0038331008620263174
0.02654	0.5593686665919204	0.4366164335795484	0.004014899828531204
0.029194	0.5253537029343287	0.47038033006976177	0.0042659669959095314
0.031848	0.5105948943668445	0.4846462327915177	0.00475887284163784
0.034502000000000005	0.5336182011953688	0.4608614535885398	0.005520345216091349
0.037156	0.5987127454460297	0.39484638377218095	0.006440870781789343
0.03981	0.6856292497664154	0.3070259395998499	0.007344810633734711
0.042464	0.765668193942225	0.22629273852573806	0.008039067532036981
0.045118000000000005	0.8214400683401374	0.17023178371469136	0.008328147945171255
0.047772	0.8466458673987676	0.14505058489557188	0.008303547705660552
0.050426	0.8415818507209726	0.1500162364039974	0.008401912875030032
0.05308	0.8144991657466606	0.17668994728182535	0.008810886971514054
0.055734000000000006	0.7829942449741716	0.20761222625897	0.009393528766858422
0.058388	0.7685984189491103	0.22136563652509822	0.010035944525791485
0.061042	0.7799405383999165	0.20939039025626233	0.010669071343821168
0.063696	0.8022634292904771	0.18648492247876158	0.011251648230761302
0.06635	0.8125050272741655	0.17572364902788065	0.011771323697953834
0.06900400000000001	0.7964975251271476	0.19129423091574804	0.012208243957104403
0.071658	0.7517705009309423	0.2356712445713007	0.012558254497756965
0.074312	0.6872929256878663	0.2999170774838736	0.012789996828260153
0.076966	0.6207334878730539	0.3663510277098829	0.012915484417063139
0.07962	0.573098384529148	0.4137862273664372	0.013115388104414816
0.082274	0.5629771950761355	0.4234941172212534	0.013528687702611064
0.084928	0.5937180519392501	0.3921582426374323	0.01412370542331759
0.08758200000000001	0.6462583402218844	0.3389325068789472	0.014809152899168343
0.09023600000000001	0.6944553261339382	0.2900699312039459	0.015474742662115848
0.09289	0.7213333346857773	0.26267541361909713	0.015991251695125552
0.095544	0.7215194179252803	0.2621741583761108	0.016306423698608907
0.09819800000000001	0.7010108213999227	0.2824696108204344	0.01651956777964292
0.100852	0.6757274761805676	0.30738540413087817	0.01688711968855422
0.103506	0.6667319688882531	0.31571201503237395	0.017556016079372905
0.10616	0.6907320421952389	0.29087161056809413	0.018396347236667
0.10881400000000001	0.7432302177090713	0.23755092137732603	0.019218860913602698
0.11146800000000001	0.7963350709460314	0.1837242118353103	0.01994071721865831
0.114122	0.8234987431586602	0.15595422230014322	0.02054703454119655
0.116776	0.8162405134853523	0.1627259953735406	0.021033491141107086
0.11943000000000001	0.7791991287809013	0.19936835205452438	0.021432519164574365
0.122084	0.7241953992531426	0.25402105574966344	0.021783544997193982
0.124738	0.6690052482187233	0.308877033505739	0.022117718275537712
0.127392	0.635202290422553	0.3423234308947648	0.022474278682682147
0.130046	0.6387987468163152	0.3383347814925892	0.02286647169109557
0.1327	0.6741892600619522	0.3025286543903114	0.023282085547736364
0.135354	0.7149302036819475	0.261345130942744	0.02372466537530854
0.13800800000000002	0.7369900348442573	0.2388198022784776	0.02419016287726511
0.140662	0.7316284965275784	0.2437025308488877	0.024668972623533847
0.143316	0.7018477186266424	0.272990391081258	0.025161890292099587
0.14597000000000002	0.6595192355334311	0.3148899766563481	0.02559078781022084
0.148624	0.6236492119310835	0.3504327286005144	0.025918059468402144
0.151278	0.6152084026255222	0.35849669072158735	0.026294906652890415
0.153932	0.64533629034688	0.32786379947759015	0.02679991017552985
0.156586	0.7014702673993786	0.27117764133702255	0.027352091263598888
0.15924	0.7535063976959563	0.21860027269776078	0.027893329606282935
0.161894	0.77816681523922	0.19342342968262238	0.028409755078157573
0.164548	0.7700625945129799	0.20102296212575677	0.028914443361263364
0.16720200000000002	0.7363140747420917	0.23423221659479823	0.029453708663110117
0.169856	0.6910515857420052	0.2789329713828834	0.030015442875111376
0.17251	0.6531438745037479	0.31630896933163305	0.03054715616461906
0.17516400000000001	0.6418901476366953	0.3270603475386983	0.031049504824606444
0.177818	0.6649232737685946	0.3035735111228866	0.03150321510851878
0.18047200000000002	0.706850717440673	0.2612675519863647	0.03188173057296234
0.183126	0.7400618283441884	0.2277156962761572	0.032222475379654364
0.18578	0.7470989717051824	0.22032153163690874	0.03257949665790891
0.18843400000000002	0.7266947918228142	0.24029549108809942	0.03300971708908643
0.191088	0.6878356526654318	0.27859462762675385	0.03356971970781436
0.193742	0.6451780092785901	0.32061203196882315	0.0342099587525867
0.19639600000000002	0.6165340850936343	0.34870112047441415	0.03476479443195157
0.19905	0.6175351926167341	0.3473109486608455	0.03515385872242044
0.201704	0.6498611865111831	0.31469870956374835	0.03544010392506858
0.204358	0.6950136863190429	0.269291233812101	0.03569507986885606
0.207012	0.7286316566398935	0.23539956621421748	0.03596877714588903
0.20966600000000002	0.7375318791251889	0.22617094195265655	0.03629717892215453
0.21232	0.721336333697204	0.24193808274589945	0.03672558355689659
0.214974	0.6884466476398561	0.27424563969780313	0.037307712662340786
0.21762800000000002	0.6529419049514666	0.3090447922410021	0.038013302807531235
0.220282	0.6311550906192263	0.3301516313851183	0.03869327799565542
0.22293600000000002	0.6354613874465441	0.32532614363368	0.03921246891977587
0.22559	0.6640819939422482	0.29636439451661145	0.03955361154114034
0.228244	0.6990206023776402	0.26120736869258093	0.03977202892977888
0.23089800000000002	0.7206630103303574	0.23937610557747258	0.039960884092170024
0.233552	0.7198801749028446	0.23990525666380833	0.04021456843334706
0.236206	0.6977541611434452	0.26163455530610363	0.04061128355045113
0.23886000000000002	0.6630004660763786	0.2957962540004531	0.041203279923168246
0.241514	0.6290105200331088	0.3290267516429864	0.04196272832390485
0.244168	0.6098628357857988	0.34740583043243545	0.042731333781765746
0.246822	0.6148128013613624	0.3418916655699594	0.04329553306867817
0.249476	0.6407526855789238	0.31565373526823787	0.04359357915283829
0.25213	0.672543028670013	0.283717094483679	0.04373987684630798
0.254784	0.6950182686717864	0.26109884928869687	0.043882882039516735
0.257438	0.7004183945011316	0.2554512491256394	0.044130356373228985
0.260092	0.6877796786589306	0.26766849745426136	0.044551823886808006
0.26274600000000004	0.6630480309983867	0.29177280101392933	0.045179167987683955
0.2654	0.6377619993533095	0.31625931050115175	0.04597869014553879
0.268054	0.6246166911960704	0.32856718376116795	0.046816125042761614
0.270708	0.6315477955021974	0.32097069860900856	0.04748150588879402
0.273362	0.6555685931628437	0.29655292604205347	0.04787848079510287
0.27601600000000004	0.6840360048188802	0.26787103766024184	0.048092957520878
0.27867000000000003	0.7044073199623608	0.2473250337641405	0.048267646273498666
0.281324	0.7096203894026009	0.2418598388719745	0.048519771725424654
0.283978	0.6979423733710136	0.2531304065538072	0.04892722007517919
0.286632	0.674148352778932	0.27632993319827387	0.049521714022794094
0.289286	0.6488636838396564	0.3008555759050295	0.050280740255314094
0.29194000000000003	0.6340867495328869	0.3148049417574956	0.05110830870961747
0.294594	0.6374232484891114	0.31077417833550924	0.051802573175379396
0.297248	0.6568078203703195	0.2909802019237753	0.052211977705905244
0.299902	0.6815595516099423	0.2660406835544642	0.0523997648355935
0.302556	0.7004257536589434	0.24703734229577592	0.052536904045280636
0.30521000000000004	0.7065792612645644	0.24066105112639505	0.05275968760904057
0.307864	0.697857922150988	0.248998627814488	0.05314345003452403
0.310518	0.6779419225678694	0.26835016765810205	0.053707909774028506
0.313172	0.6563604265106638	0.28921194280488416	0.054427630684452
0.315826	0.6444319832336497	0.30034052816574747	0.055227488600602836
0.31848	0.6492811915251652	0.2947936720940811	0.05592513638075375
0.32113400000000003	0.668793404964874	0.27485822340070026	0.05634837163442569
0.323788	0.6928128683658512	0.2506520465776338	0.056535085056515
0.326442	0.7107032280413369	0.23264640662688868	0.05665036533177442
0.329096	0.7163534466070984	0.22681616117992132	0.05683039221298025
0.33175	0.7080395848512361	0.23480776032582884	0.05715265482293508
0.33440400000000003	0.6889214691348136	0.25344154430669313	0.05763698655849331
0.337058	0.6677314429284933	0.2740083061699065	0.0582602509016002
0.339712	0.6552863169237272	0.2857420272221178	0.058971655854155036
0.342366	0.6580717696632222	0.28230003603272064	0.059628194304057136
0.34502	0.6734421029946038	0.266514671757882	0.060043225247514154
0.34767400000000004	0.6916525282161542	0.24814610954569347	0.06020136223815234
0.35032800000000003	0.7033818879443597	0.23635882171163877	0.06025929034400149
0.352982	0.7042780175124972	0.23534183435662562	0.06038014813087719
0.355636	0.6940227783186593	0.24531842011881486	0.060658801562525816
0.35829	0.6758011316745739	0.26308667617432946	0.061112192151096645
0.36094400000000004	0.6571872110807347	0.2811071868533085	0.061705602065956766
0.36359800000000003	0.6473999283648776	0.2902095956149381	0.06239047602018433
0.366252	0.6511761419642431	0.28577295159538796	0.06305090644036893
0.368906	0.6649327275178512	0.27157053081211674	0.06349674167003211
0.37156	0.6798719016785779	0.2564570086965433	0.06367108962487877
0.374214	0.6888065717717957	0.24746979222825904	0.06372363599994524
0.37686800000000004	0.6893215315882554	0.24683887542429428	0.06383959298745034
0.379522	0.6819764225557359	0.253898591223157	0.06412498622110713
0.382176	0.6691298878541796	0.2662797967642691	0.0645903153815513
0.38483	0.6562904459409786	0.27852482244720683	0.06518473161181454
0.387484	0.6504797634273296	0.28366837591101984	0.06585186066165055
0.39013800000000004	0.6546759157773602	0.2788204153012341	0.06650366892140575
0.39279200000000003	0.664992074660965	0.2680271833490845	0.06698074198995052
0.395446	0.6744519326946022	0.258348219207983	0.06719984809741475
0.3981	0.678446105542027	0.25427739393199733	0.06727650052597567
0.400754	0.6764689833493913	0.2561333796954501	0.0673976369551586
0.403408	0.6699465157257704	0.26237085993678994	0.06768262433743971
0.40606200000000003	0.6604938830813001	0.27135889314930234	0.06814722376939758
0.408716	0.6514280545850826	0.2798383501510943	0.06873359526382311
0.41137	0.6474413705959527	0.28318331234638516	0.06937531705766209
0.414024	0.650293926693789	0.2797045780832783	0.07000149522293264
0.416678	0.6569336831314263	0.27257854550527844	0.07048777136329526
0.41933200000000004	0.6626935813734602	0.2665672583954045	0.07073916023113525
0.421986	0.6647536028045345	0.26440955804514554	0.07083683915031991
0.42464	0.6633827491271661	0.26565285311680414	0.07096439775602975
0.427294	0.6603465068461747	0.2684033373459962	0.07125015580782912
0.429948	0.6564970444134961	0.27179254322302554	0.07171041236347836
0.43260200000000004	0.6528139616589911	0.2749060681251907	0.07227997021581822
0.43525600000000003	0.6515591724990297	0.27555838919505615	0.07288243830591412
0.43791	0.653837494997616	0.27270686564761465	0.07345563935476934
0.440564	0.6581148095192889	0.26797066272400294	0.07391452775670815
0.443218	0.6617748553728722	0.26404289230938693	0.0741822523177409
0.44587200000000005	0.6628935905321853	0.2627930045774911	0.07431340489032356
0.44852600000000004	0.6618778907781423	0.2636575470989593	0.07446456212289843
0.45118	0.6607059873386303	0.26454087134446375	0.07475314131690597
0.453834	0.659894022724837	0.26491144209760564	0.07519453517755736
0.456488	0.6588085185551606	0.26546431310363644	0.07572716834120291
0.459142	0.6580067576091784	0.26571680560415994	0.07627643678666168
0.46179600000000004	0.6585151728097197	0.264695535097563	0.07678929209271729
0.46445000000000003	0.660252488967764	0.2625346351672869	0.07721287586494907
0.467104	0.661917072104941	0.26059166269150985	0.07749126520354915
0.469758	0.6618792346982135	0.2604699908838456	0.07765077441794088
0.472412	0.6604858858529431	0.2616988770090382	0.07781523713801869
0.47506600000000004	0.6599813764923937	0.26192352553993453	0.07809509796767172
0.47772000000000003	0.6610663079284241	0.26042340391230173	0.07851028815927413
0.480374	0.6622246388725943	0.2587697382950751	0.07900562283233059
0.483028	0.662575145141766	0.25791530082824254	0.07950955402999149
0.485682	0.662797941926369	0.25722854796897054	0.07997351010466047
0.488336	0.6637048687578575	0.25592846920341056	0.08036666203873194
0.49099000000000004	0.6647913313663358	0.25455340746529254	0.08065526116837163
0.493644	0.6645413068416065	0.25460851748522406	0.08085017567316943
0.496298	0.6631570408134543	0.2557987469529228	0.0810442122336229
0.498952	0.6629727221610766	0.2556930526322317	0.0813342252066917
0.501606	0.6650229854292554	0.2532367797811257	0.08174023478961889
0.50426	0.667546720004089	0.2502403002929352	0.08221297970297581
0.506914	0.6687315884619563	0.24858303083303956	0.08268538070500409
0.509568	0.6688435811600619	0.24804383957683837	0.0831125792630997
0.5122220000000001	0.6691070222362193	0.2474119712042336	0.08348100655954707
0.514876	0.6694030262054561	0.2468156648706311	0.08378130892391278
0.51753	0.668302474832583	0.24768216789003372	0.0840153572773833
0.520184	0.6660289959507902	0.24972957526440936	0.0842414287848004
0.522838	0.6650642406337031	0.25039742907566365	0.08453833029063329
0.5254920000000001	0.6668568829390175	0.2482133182204153	0.08492979884056723
0.528146	0.6698085217432076	0.24481451714673638	0.08537696111005602
0.5308	0.6715951435735676	0.24258664356625215	0.08581821286018021
0.533454	0.6719922369812975	0.24179809487671955	0.08620966814198294
0.536108	0.6721774960543776	0.2412744328095727	0.0865480711360497
