Time	Population1	Population2	Population3
0.002654	0.9780657988115637	0.021930972965808142	3.2282226281113435e-06
0.005308	0.9165681615833854	0.08338634027941669	4.5498137197924615e-05
0.007962	0.8286472857697631	0.17115158804552544	0.00020112618471146426
0.010616	0.7376114394293383	0.26184467510591053	0.0005438854647512037
0.01327	0.6700666393372842	0.32882967547091846	0.0011036851917973767
0.015924	0.6367914502796724	0.3613529460283799	0.0018556036919476493
0.018578	0.6258042492069195	0.3714919606839493	0.0027037901091312433
0.021232	0.6162528824884845	0.38032372807082343	0.0034233894406920373
0.023886	0.5940175630701696	0.40216477607579787	0.003817660854032512
0.02654	0.5594776103559458	0.4365268990813783	0.003995490562675896
0.029194	0.5254681363547069	0.4702873135879094	0.0042445500573837225
0.031848	0.5107128814620251	0.48454882909816177	0.004738289439813137
0.034502000000000005	0.5337219556345664	0.46077917820403513	0.005498866161398497
0.037156	0.5988017317617931	0.39478107065179	0.006417197586416901
0.03981	0.6857295829827914	0.306950564741061	0.007319852276147565
0.042464	0.76579649046711	0.2261912072464588	0.008012302286431239
0.045118000000000005	0.8215903677477515	0.17011001766427636	0.008299614587972126
0.047772	0.8468016501167644	0.1449259260156873	0.008272423867548256
0.050426	0.8417187839894698	0.14991482355074442	0.00836639245978582
0.05308	0.8145942712985549	0.17663465300050543	0.008771075700939684
0.055734000000000006	0.783045768306484	0.20760507641149906	0.009349155282016963
0.058388	0.7686258908217938	0.22138494927899033	0.009989159899215894
0.061042	0.7799598794849052	0.2094188293447123	0.010621291170382519
0.063696	0.8022758664337585	0.18652017611095614	0.01120395745528538
0.06635	0.8125126814712457	0.17576372024053433	0.011723598288220005
0.06900400000000001	0.7965034520354403	0.19133550768255725	0.012161040282002489
0.071658	0.751780317902402	0.235708992317924	0.012510689779674039
0.074312	0.6873067346392318	0.29994940711364415	0.012743858247124096
0.076966	0.6207419486934359	0.3663858446873491	0.01287220661921501
0.07962	0.5730968371159946	0.4138256924548961	0.013077470429109339
0.082274	0.5629877346266823	0.4235139768959156	0.013498288477402143
0.084928	0.5937677015683445	0.39213063798745734	0.014101660444198194
0.08758200000000001	0.6463503133430852	0.3388566922509077	0.014792994406007065
0.09023600000000001	0.6945649780488483	0.28997373040483376	0.015461291546317923
0.09289	0.721444643879674	0.262577501829213	0.01597785429111298
0.095544	0.7216410973517028	0.26206876960028425	0.016290133048012967
0.09819800000000001	0.7011494766660684	0.28235291888070063	0.016497604453230952
0.100852	0.6758821074807306	0.3072572591346334	0.016860633384635948
0.103506	0.6669166599802012	0.3155552724779945	0.017528067541804304
0.10616	0.6909622721992261	0.29066899538262264	0.018368732418151235
0.10881400000000001	0.7434831571024209	0.2373256503607371	0.01919119253684204
0.11146800000000001	0.7965614753331292	0.1835282063055965	0.019910318361274354
0.114122	0.8236583704795067	0.1558281570007124	0.020513472519780862
0.116776	0.8163422315956983	0.16266051153071573	0.020997256873585973
0.11943000000000001	0.7792767302491617	0.19933032059844596	0.02139294915239237
0.122084	0.7242554146898678	0.2540054426534774	0.02173914265665483
0.124738	0.6690295059059383	0.30889767378115807	0.022072820312903585
0.127392	0.6351959511080663	0.342371066612705	0.02243298227922874
0.130046	0.6387977200129967	0.33837279864726505	0.022829481339738222
0.1327	0.6742149272011706	0.3025393292986898	0.023245743500139582
0.135354	0.7149876805292175	0.26132768389939337	0.023684635571389168
0.13800800000000002	0.7370993560100404	0.23875619269122814	0.024144451298731467
0.140662	0.7318836137747957	0.24349954737297874	0.024616838852225542
0.143316	0.702442450015139	0.2724574353272531	0.025100114657607864
0.14597000000000002	0.6607317366585933	0.31375085845655987	0.025517404884846828
0.148624	0.625865364635219	0.3483027169469248	0.025831918417856203
0.151278	0.6188357601687423	0.35496993125754683	0.026194308573710856
0.153932	0.6502794672514222	0.32304178996950533	0.026678742779072506
0.156586	0.7065810537179501	0.26621403986745334	0.027204906414596552
0.15924	0.7571741279086919	0.2151110864683897	0.02771478562291843
0.161894	0.7794907424672436	0.19231014306585717	0.02819911446689924
0.164548	0.769203154109341	0.20211571927727234	0.02868112661338662
0.16720200000000002	0.7341183127887795	0.2366700158085024	0.02921167140271813
0.169856	0.6885837617438983	0.2816435576544571	0.029772680601644563
0.17251	0.6514764974196242	0.3182297578169274	0.03029374476344837
0.17516400000000001	0.6418295502638787	0.3273998442484166	0.030770605487704716
0.177818	0.6662165787607466	0.3025990736094619	0.031184347629791498
0.18047200000000002	0.7077532310845819	0.26072954094296197	0.03151722797245615
0.183126	0.7384790337125742	0.22970614861039299	0.03181481767703284
0.18578	0.742133139100033	0.2257285615075766	0.03213829939239041
0.18843400000000002	0.7189555463025168	0.24849023192971118	0.032554221767772035
0.191088	0.6787717594645816	0.288107998781337	0.0331202417540814
0.193742	0.6362947398849241	0.32992493423120356	0.03378032588387231
0.19639600000000002	0.6089310263385278	0.3567208975680584	0.03434807609341378
0.19905	0.6115215387024067	0.35375865492768666	0.03471980636990668
0.201704	0.6445637921607255	0.32048009999626104	0.034956107843013506
0.204358	0.6887741028553044	0.2760803735859775	0.03514552355871814
0.207012	0.7202201899098312	0.24441530336303502	0.035364506727133815
0.20966600000000002	0.7268126471506848	0.23752763223728876	0.03565972061202641
0.21232	0.7090968381904503	0.2548268583203592	0.0360763034891905
0.214974	0.6759986735001586	0.2873322946060603	0.03666903189378107
0.21762800000000002	0.6415656676153974	0.3210257041453455	0.03740862823925717
0.220282	0.6214858528206325	0.3403801318232977	0.038134015356069806
0.22293600000000002	0.6270486962644689	0.3342690621867101	0.038682241548820995
0.22559	0.6555527349920058	0.3054262017283097	0.039021063279684465
0.228244	0.6892278603443786	0.2715540708184931	0.03921806883712836
0.23089800000000002	0.7096810157332399	0.25093356245786075	0.03938542180889931
0.233552	0.7087467092347058	0.2516251212925201	0.03962816947277403
0.236206	0.6877672018770425	0.27220771600746346	0.04002508211549399
0.23886000000000002	0.65530584227444	0.3040652051304737	0.04062895259508631
0.241514	0.6242615814502913	0.33432934618403365	0.04140907236567504
0.244168	0.6078661784292148	0.34993575321646325	0.042198068354321994
0.246822	0.614396114297033	0.3428432057125951	0.04276067999037192
0.249476	0.6402956728282982	0.3166826002226228	0.043021726949078964
0.25213	0.6710481705348577	0.28584224185800144	0.0431095876071409
0.254784	0.6925268040802456	0.26427445033308555	0.04319874558666886
0.257438	0.6975248135000656	0.2590658898273857	0.043409296672548725
0.260092	0.6851758464192219	0.27101849898533115	0.04380565459544694
0.26274600000000004	0.6613675381570935	0.2942162956846932	0.04441616615821331
0.2654	0.6373728451861557	0.3174166585893611	0.045210496224483254
0.268054	0.6253018102749013	0.328648346045757	0.04604984367934173
0.270708	0.6324038953109735	0.3208856124808878	0.046710492208138665
0.273362	0.6555143885046215	0.29741031094698306	0.04707530054839543
0.27601600000000004	0.6825713144016783	0.2701961570070229	0.04723252859129884
0.27867000000000003	0.701761625278813	0.25088621779591774	0.04735215692526923
0.281324	0.706463945732864	0.24597251075153534	0.04756354351560069
0.283978	0.6951008514551493	0.2569572033565261	0.047941945188324564
0.286632	0.6723731552924432	0.2791104534429606	0.04851639126459617
0.289286	0.6486100610726389	0.30213057609147825	0.04925936283588289
0.29194000000000003	0.6352658008476456	0.3146703735144632	0.05006382563789119
0.294594	0.639284266124999	0.30999773487994525	0.050717998995055746
0.297248	0.6582948312876753	0.2906401907207949	0.051064977991529814
0.299902	0.6819521059527047	0.2668685835402288	0.05117931050706648
0.302556	0.6996097303873434	0.2491373316087693	0.05125293800388728
0.30521000000000004	0.7049561941813646	0.24361578866030112	0.05142801715833431
0.307864	0.6960785859308841	0.252144982712326	0.05177643135678989
0.310518	0.676587816405926	0.27109718221818574	0.05231500137588824
0.313172	0.655710880154119	0.29127545020013523	0.05301366964574572
0.315826	0.6442233924635776	0.30198533606079203	0.05379127147563034
0.31848	0.6486256995020815	0.2969165218516742	0.05445777864624429
0.32113400000000003	0.6666207232272304	0.27854886613235247	0.054830410640417104
0.323788	0.6885776365053639	0.25646968899523404	0.05495267449940211
0.326442	0.7046461912674464	0.24034365133508817	0.0550101573974654
0.329096	0.7092761890774967	0.23557128702695923	0.05515252389554409
0.33175	0.7009665959765572	0.24357712776452786	0.055456276258914944
0.33440400000000003	0.6827908894525121	0.2612716231703907	0.055937487377097195
0.337058	0.663065723965553	0.28037214172369684	0.05656213431075019
0.339712	0.6518198401797421	0.2909120207028866	0.057268139117371275
0.342366	0.6547459337374999	0.2873458972367828	0.057908169025717326
0.34502	0.6691535367122624	0.2725581958540942	0.058288267433643404
0.34767400000000004	0.6861139905573129	0.2554863062238963	0.05839970321879079
0.35032800000000003	0.6972043340934909	0.24437541325442824	0.05842025265208084
0.352982	0.6984808591359473	0.2429979957384898	0.058521145125562946
0.355636	0.6895492901859288	0.2516540862954292	0.05879662351864201
0.35829	0.6731947707731346	0.2675475873942402	0.05925764183262516
0.36094400000000004	0.6563735929037396	0.28376769247495265	0.05985871462130771
0.36359800000000003	0.6475300780080632	0.2919280835685531	0.06054183842338373
0.366252	0.6508813263847673	0.2879262140002042	0.06119245961502856
0.368906	0.6632083565872133	0.2751765421395722	0.061615101273214457
0.37156	0.6767293118776346	0.26151215513270804	0.06175853298965733
0.374214	0.6850201522793521	0.2531944838723801	0.06178536384826783
0.37686800000000004	0.6858723641367331	0.2522434807847784	0.06188415507848849
0.379522	0.6796638978617303	0.2581775789883889	0.062158523149880796
0.382176	0.6682730906082675	0.26910631452364386	0.06262059486808869
0.38483	0.656569975105335	0.2802143403696348	0.06321568452503024
0.387484	0.6509462491890828	0.285175423561029	0.06387832724988818
0.39013800000000004	0.6542488486518963	0.2812401748103431	0.06451097653776067
0.39279200000000003	0.6633466078879178	0.2716982037087664	0.06495518840331582
0.395446	0.6722240535192628	0.26264047099796695	0.06513547548277021
0.3981	0.6766059708462453	0.25821644822777573	0.06517758092597897
0.400754	0.6758376274891976	0.25888821379727	0.06527415871353237
0.403408	0.6710185643701359	0.26344076975059455	0.0655406658792696
0.40606200000000003	0.6632044911266984	0.2708026906947638	0.06599281817853775
0.408716	0.6550780822664841	0.27835702157805214	0.06656489615546374
0.41137	0.6509230203138616	0.2818940472715931	0.06718293241454526
0.414024	0.6527510786244568	0.2794779272206381	0.06777099415490512
0.416678	0.6584272051453385	0.2733616172890335	0.068211177565628
0.41933200000000004	0.6639578318443524	0.2676214381162707	0.06842073003937688
0.421986	0.6664989227814265	0.2650159994738801	0.06848507774469337
0.42464	0.66605746706979	0.2653599861840932	0.06858254674611686
0.427294	0.6641050867532567	0.26705411547273744	0.06884079777400581
0.429948	0.661043506650022	0.2696807537943714	0.06927573955560662
0.43260200000000004	0.6574072297841907	0.2727739512494778	0.06981881896633146
0.43525600000000003	0.6553568076347828	0.27425619636289905	0.07038699600231818
0.43791	0.656444631396296	0.2726392491496239	0.07091611945408005
0.440564	0.659889829942008	0.268786250042103	0.07132392001588905
0.443218	0.6634265594042111	0.2650225212465613	0.07155091934922758
0.44587200000000005	0.6650100518376011	0.26333806280605404	0.07165188535634487
0.44852600000000004	0.6648085108229759	0.2634183354970154	0.07177315368000875
0.45118	0.6645352687222582	0.26343279902097533	0.07203193225676646
0.453834	0.6643351737940151	0.26321945008265124	0.07244537612333368
0.456488	0.6632094441985007	0.2638360035432128	0.07295455225828651
0.459142	0.6617042455237804	0.2648236675421744	0.07347208693404522
0.46179600000000004	0.6613151925748012	0.26474148664974123	0.07394332077545757
0.46445000000000003	0.6625682909258892	0.263113458896345	0.07431825017776578
0.467104	0.6643650120095674	0.2610798664953036	0.07455512149512894
0.469758	0.6649333771732777	0.2603777099868482	0.07468891283987406
0.472412	0.6643833964536232	0.2607835035613936	0.07483309998498316
0.47506600000000004	0.6646807503030501	0.26022519909090214	0.07509405060604779
0.47772000000000003	0.6662311982006918	0.2582763183794326	0.07549248341987563
0.480374	0.6672606916271152	0.2567723534296195	0.07596695494326527
0.483028	0.6669515629855587	0.25660643584874954	0.07644200116569178
0.485682	0.6664145545311386	0.25671950766532275	0.07686593780353862
0.488336	0.666899320676122	0.2558904099000377	0.0772102694238403
0.49099000000000004	0.6680376654209434	0.25450443632868336	0.07745789825037319
0.493644	0.6682542243432305	0.25411754657799207	0.07762822907877748
0.496298	0.6676027028382153	0.25459710223661586	0.07780019492516882
0.498952	0.668232919657684	0.25369997159975766	0.07806710874255829
0.501606	0.6709578062959818	0.2505930334093876	0.07844916029463062
0.50426	0.67369808081128	0.24740832029105775	0.07889359889766223
0.506914	0.6745383474309082	0.24612685489258093	0.07933479767651083
0.509568	0.6740533154313435	0.24622615003676265	0.07972053453189384
0.5122220000000001	0.6738824556133779	0.24608064099562088	0.08003690339100122
0.514876	0.6741388767831688	0.2455690666169527	0.08029205659987854
0.51753	0.6734583017157877	0.2460433190516738	0.08049837923253853
0.520184	0.672000452320661	0.2472951426608997	0.08070440501843934
0.522838	0.6720921171003357	0.24692911557077832	0.08097876732888601
0.5254920000000001	0.6748800873170037	0.2437752110670677	0.08134470161592863
0.528146	0.6782622750913038	0.2399784272559066	0.08175929765278964
0.5308	0.6796638670991776	0.23817525213716415	0.08216088076365827
0.533454	0.6792139301372994	0.23828439482750077	0.08250167503519987
0.536108	0.6786786951265238	0.23854157817848012	0.08277972669499609
0.5387620000000001	0.6783637930451145	0.23860968852550551	0.08302651842937997
0.541416	0.6769998348231432	0.2397419281353115	0.08325823704154531
0.54407	0.6748307383464272	0.2416773828007085	0.08349187885286435
0.546724	0.6743071740694893	0.24191997475279814	0.0837728511777126
0.549378	0.6769116985383803	0.23896651748661313	0.08412178397500658
0.5520320000000001	0.6807349943368991	0.23476050473378124	0.08450450092931966
0.554686	0.6827624223379788	0.23237121478189826	0.08486636288012295
0.5573400000000001	0.682607281067267	0.23223142101417174	0.08516129791856128
0.559994	0.6819164078841451	0.23269209128292517	0.08539150083292973
0.562648	0.681043924425159	0.2333432553239321	0.08561282025090886
0.565302	0.6788649665651959	0.2352764413663114	0.0858585920684927
0.567956	0.675825897606657	0.23805144984885715	0.08612265254448584
0.5706100000000001	0.6744994767546414	0.239083408347365	0.08641711489799361
0.573264	0.6766474765134181	0.2365977469648422	0.08675477652173974
0.575918	0.6806776767082476	0.2322102696245521	0.08711205366720026
0.578572	0.6833356284573909	0.2292252660277971	0.08743910551481196
0.581226	0.6836310657110655	0.2286793923924891	0.08768954189644543
0.5838800000000001	0.6828698344980934	0.22926231141479086	0.08786785408711578
0.586534	0.6814828635162972	0.23046514153315859	0.08805199495054425
0.589188	0.6786405092626021	0.23306017880567373	0.08829931193172416
0.591842	0.6749646391896991	0.23644487933199496	0.08859048147830598
0.594496	0.6730256112120978	0.23806785406193462	0.08890653472596757
0.5971500000000001	0.6747646121613228	0.2359895712785845	0.08924581656009273
0.599804	0.6789815694879312	0.2314304324848949	0.0895879980271739
0.602458	0.6823658497133616	0.22774361992235986	0.08989053036427858
0.605112	0.6833759561350975	0.22651357362317315	0.09011047024172936
0.607766	0.6829416946123322	0.22680435885856629	0.09025394652910149
0.6104200000000001	0.6815442280827868	0.22804502210915034	0.09041074980806285
0.613074	0.6786162559575563	0.23071995987422403	0.09066378416821971
0.615728	0.674832965238137	0.23417505221725432	0.09099198254460872
0.618382	0.6726107184518857	0.23604384827370525	0.09134543327440905
0.621036	0.6739604410920216	0.23433955961127037	0.09169999929670805
0.6236900000000001	0.6781885125535342	0.22977444378679546	0.09203704365967036
0.626344	0.6822477631312666	0.225430266776518	0.09232197009221543
0.6289980000000001	0.6841421570702518	0.22334321665394827	0.0925146262757999
0.631652	0.6842961127765178	0.223077234507042	0.09262665271644019
0.634306	0.6832261455522345	0.22401569492258055	0.09275815952518496
0.63696	0.6806171584469145	0.22637491443511243	0.09300792711797307
0.639614	0.6770900799155884	0.22954776031862636	0.09336215976578519
0.6422680000000001	0.6747677914784165	0.23148463067771188	0.09374757784387164
0.644922	0.6756408371367941	0.2302444609129111	0.09411470195029478
0.647576	0.6795571987794301	0.22599684570733491	0.09444595551323498
0.65023	0.6840218123939731	0.22126582897694916	0.09471235862907776
0.652884	0.6868645304279755	0.2182528000384498	0.09488266953357474
0.6555380000000001	0.6879611795667445	0.21706866745344655	0.09497015297980893
0.658192	0.6875766689422171	0.2173489491633	0.09507438189448286
0.660846	0.6854496272206071	0.2192445624179576	0.09530581036143532
0.6635	0.6821382944240639	0.2221994192265567	0.09566228634937937
0.666154	0.679504080415825	0.2244340652116435	0.09606185437253151
0.6688080000000001	0.679484073367105	0.22407840265643128	0.09643752397646368
0.671462	0.6825206703300764	0.22072000692520988	0.09675932274471377
0.674116	0.686963046623373	0.21603282291042575	0.09700413046620121
0.67677	0.6907069950164247	0.2121472663106311	0.09714573867294415
0.679424	0.6928993958627592	0.20989605077302864	0.09720455336421219
0.6820780000000001	0.6932193656810561	0.2094980411824754	0.09728259313646848
0.684732	0.691321354547607	0.2111862087355389	0.09749243671685409
0.687386	0.6877911695526826	0.21436219828714947	0.09784663216016792
0.69004	0.6844214999528432	0.21732455629764763	0.09825394374950919
0.692694	0.6831776206618388	0.21818694705360986	0.0986354322845513
0.6953480000000001	0.6850009964089037	0.2160468455582564	0.09895215803283994
0.698002	0.6890684512115383	0.21175024468128317	0.09918130410717857
0.7006560000000001	0.6934747087992453	0.20722168373395028	0.09930360746680439
0.70331	0.6966431117057954	0.204016527343694	0.0993403609505106
0.705964	0.697561460924004	0.20305047076287314	0.09938806831312291
0.7086180000000001	0.6958217747495656	0.20461796798402862	0.09956025726640574
0.711272	0.6921027117921508	0.20800762296309017	0.09988966524475906
0.7139260000000001	0.6880874690949124	0.21161963442637977	0.10029289647870787
0.71658	0.6857083108315953	0.21362153516196405	0.10067015400644061
0.719234	0.6863153998927357	0.21271383319887863	0.10097076690838566
0.7218880000000001	0.6898366883527681	0.20898558412080914	0.10117772752642273
0.724542	0.6946182901565843	0.20410395945466933	0.1012777503887464
0.7271960000000001	0.6984363271079052	0.200265887039368	0.10129778585272683
0.72985	0.6996630432075819	0.19901052739860967	0.10132642939380845
0.732504	0.6978958572105048	0.20062926209960483	0.10147488068989033
0.735158	0.693988435378418	0.20422857345069997	0.10178299117088199
0.737812	0.6895506724310574	0.2082681608773542	0.10218116669158842
0.7404660000000001	0.6863902628789907	0.21104488547190647	0.10256485164910278
0.74312	0.6860118722816372	0.21111587916330904	0.10287224855505378
0.745774	0.6888536481711548	0.20807376204446407	0.10307258978438114
0.748428	0.6935793827187612	0.20326075234197144	0.10315986493926738
0.751082	0.6976978325547174	0.1991377280227839	0.1031644394224987
0.7537360000000001	0.6992096227066521	0.19761226054085768	0.10317811675249022
0.75639	0.6976685740834625	0.19902175262029084	0.10330967329624666
0.759044	0.6939380309571723	0.20245622844905378	0.10360574059377389
0.761698	0.6894832048341837	0.2065135190022848	0.10400327616353153
0.764352	0.6859210009548514	0.20968295915077975	0.10439603989436883
0.7670060000000001	0.6847737494454068	0.21052018677052872	0.10470606378406447
0.76966	0.6868608339353915	0.2082433516571482	0.10489581440746026
0.7723140000000001	0.6912896988255144	0.20374365249292228	0.10496664868156333
0.774968	0.6956140146359532	0.1994249256157266	0.1049610597483202
0.777622	0.6975931265525651	0.19743443564447077	0.10497243780296411
0.7802760000000001	0.6966004453001713	0.19830524365212085	0.10509431104770786
0.78293	0.6933786224467983	0.20124534551115686	0.10537603204204488
0.7855840000000001	0.68919586358002	0.20502966430821976	0.10577447211176019
0.788238	0.6854702195762664	0.208349436790195	0.1061803436335386
0.790892	0.6836848049889253	0.2098119884555146	0.10650320655556014
0.7935460000000001	0.6849732909940216	0.20832914992172774	0.10669755908425066
0.7962	0.6889862110588066	0.20424595228080966	0.1067678366603837
0.7988540000000001	0.6934658704772043	0.19976787361891496	0.10676625590388072
0.801508	0.6959105576152012	0.1973123302102344	0.10677711217456445
0.804162	0.6954499431832637	0.19766206105615372	0.10688799576058258
0.806816	0.6927693167709781	0.20008254919700852	0.1071481340320134
0.80947	0.6889830977600758	0.2034837555939518	0.10753314664597238
0.8121240000000001	0.6852199527883595	0.20683697978861032	0.10794306742303023
0.814778	0.6828496051393423	0.2088749371385654	0.10827545772209227
0.817432	0.683292280732008	0.2082362568455019	0.10847146242249012
0.820086	0.6867563526737502	0.20470979349872898	0.10853385382752079
0.82274	0.6912901358797701	0.20018511476905315	0.10852474935117679
0.8253940000000001	0.6942111546414328	0.19725213464888164	0.10853671070968557
0.828048	0.6943804765253926	0.19696769663488745	0.10865182683971997
0.830702	0.6923662709722573	0.1987215597947858	0.10891216923295685
0.833356	0.6891262660315596	0.20157856407978675	0.10929516988865368
0.83601	0.6855409496456837	0.20474242483592703	0.10971662551838929
0.8386640000000001	0.6828408697438256	0.20709055518639286	0.11006857506978152
0.841318	0.6826192720717402	0.2070969004460688	0.11028382748219098
0.843972	0.6855394975649709	0.20409447692639024	0.11036602550863886
0.846626	0.6900039975745581	0.19962249069666385	0.11037351172877805
0.84928	0.6932597063922475	0.19634830905917336	0.1103919845485791
0.8519340000000001	0.693887578330845	0.19560116145608095	0.11051126021307403
0.854588	0.6923106996002478	0.19691789829880021	0.11077140210095196
0.8572420000000001	0.6894316972376877	0.19941721704089704	0.11115108572141524
0.859896	0.6859937113464681	0.20243433763887633	0.11157195101465553
0.86255	0.6830737966633276	0.2049923246225188	0.11193387871415364
0.8652040000000001	0.6822575996241704	0.20557495770828804	0.11216744266754153
0.867858	0.6845122129429384	0.2032227053942559	0.11226508166280569
0.8705120000000001	0.6886492996976982	0.19905645967214142	0.11229424063016041
0.873166	0.6919976885967135	0.19566483048421845	0.11233748091906803
0.87582	0.6928932678134375	0.19463843532818983	0.11246829685837265
0.8784740000000001	0.6915837711842048	0.19569251039803806	0.11272371841775716
0.881128	0.688952261998763	0.19795394831715754	0.11309378968407943
0.8837820000000001	0.6856471544936351	0.20083022760382474	0.11352261790254015
0.886436	0.682537720952828	0.20355049667179884	0.11391178237537311
0.88909	0.68111316512079	0.20471183621908504	0.11417499866012495
0.8917440000000001	0.6825627926465886	0.20313814307685032	0.11429906427656109
0.894398	0.686133041474495	0.19951984679151857	0.11434711173398637
0.8970520000000001	0.6893223736725895	0.19627843196652625	0.11439919436088422
0.899706	0.690263336128665	0.1952067614660737	0.11452990240526131
0.90236	0.6890198291731616	0.19619368017264047	0.11478649065419791
0.905014	0.6864714933882129	0.19836857979819686	0.11515992681359025
0.907668	0.683275693487963	0.20112631515393753	0.11559799135809945
0.9103220000000001	0.6801833997795796	0.20381087299748735	0.11600572722293301
0.912976	0.6785077424024749	0.20519970511110072	0.11629255248642437
0.91563	0.6794269221918239	0.20412975381885584	0.11644332398932028
0.918284	0.6824571472498587	0.20102700286325162	0.11651584988688965
0.920938	0.6853451572791649	0.19805869457928443	0.11659614814155067
0.9235920000000001	0.6861869257920367	0.1970621918831179	0.11675088232484543
0.926246	0.6849094057754243	0.19806782411725002	0.11702277010732573
0.9289000000000001	0.682390431025857	0.20020108809379586	0.1174084808803472
0.931554	0.6792697918579014	0.20287033776959312	0.1178598703725055
0.934208	0.6761181055495694	0.2055875544974647	0.1182943399529659
0.9368620000000001	0.6740292169341321	0.207354304949224	0.11861647811664391
0.939516	0.6741776582932127	0.20702133069363077	0.11880101101315649
0.9421700000000001	0.6764176266934091	0.20468237763567212	0.11889999567091877
0.944824	0.6788620793294929	0.2021377502165456	0.11900017045396147
0.947478	0.6795916428685913	0.20123393796693412	0.11917441916447458
0.9501320000000001	0.6783009588583535	0.20224413664571847	0.11945490449592802
0.952786	0.6757380397210186	0.20441783414711837	0.11984412613186299
0.9554400000000001	0.6725366860193619	0.20715681549471213	0.12030649848592598
0.958094	0.6692305751055764	0.21000763358723465	0.12076179130718898
0.960748	0.6667952823584403	0.2120889568241115	0.12111576081744818
0.9634020000000001	0.6663679105970155	0.21229945441976966	0.12133263498321484
0.966056	0.6680014422025659	0.21053536217348925	0.12146319562394489
0.9687100000000001	0.6701149035248117	0.20828713195277976	0.12159796452240851
0.971364	0.6708183469115965	0.2073803986539309	0.12180125443447262
0.974018	0.6695590630045515	0.2083346731575282	0.12210626383792031
0.976672	0.6669826308361873	0.2105015708176363	0.12251579834617646
0.979326	0.6637660507157198	0.21323414069575514	0.12299980858852505
0.9819800000000001	0.6604261251570959	0.21609087266011015	0.12348300218279398
0.984634	0.6578017669591136	0.21832497438599927	0.1238732586548871
0.987288	0.6569589103027398	0.21891475601519433	0.12412633368206588
0.989942	0.658128584719775	0.21758455069537622	0.1242868645848488
0.992596	0.6600401770806279	0.21551180000989542	0.12444802290947668
0.9952500000000001	0.6608641621083082	0.21444637286910712	0.12468946502258466
0.997904	0.6597891704441324	0.2151789872689027	0.12503184228696487
1.000558	0.6572626645130756	0.21727030991650162	0.1254670255704228
