Time	Population1	Population2	Population3
0.002654	0.9780657988115641	0.021930972965807673	3.228222628246652e-06
0.005308	0.9165681615833883	0.08338634027941383	4.549813719789686e-05
0.007962	0.8286472857697681	0.17115158804552072	0.0002011261847111867
0.010616	0.7376114394293463	0.26184467510590265	0.0005438854647510927
0.01327	0.6700666393372932	0.32882967547090963	0.0011036851917972101
0.015924	0.6367914502796871	0.36135294602836526	0.0018556036919476493
0.018578	0.6258042492069371	0.3714919606839317	0.0027037901091311878
0.021232	0.6162528824885071	0.38032372807080117	0.0034233894406917598
0.023886	0.594017563070207	0.402164776075761	0.0038176608540319568
0.02654	0.5594776103560029	0.43652689908132175	0.003995490562675397
0.029194	0.5254681363547677	0.4702873135878491	0.004244550057383167
0.031848	0.5107128814620868	0.4845488290981008	0.00473828943981236
0.034502000000000005	0.5337219556346168	0.4607791782039854	0.005498866161397831
0.037156	0.598801731761835	0.3947810706517496	0.006417197586415346
0.03981	0.6857295829828303	0.30695056474102295	0.007319852276146788
0.042464	0.7657964904671514	0.22619120724641867	0.008012302286429962
0.045118000000000005	0.821590367747801	0.170110017664228	0.00829961458797096
0.047772	0.8468016501168221	0.14492592601563212	0.008272423867545814
0.050426	0.841718783989526	0.14991482355069116	0.008366392459782795
0.05308	0.814594271298605	0.17663465300045833	0.008771075700936715
0.055734000000000006	0.783045768306528	0.2076050764114583	0.009349155282013744
0.058388	0.7686258908218281	0.22138494927895927	0.009989159899212646
0.061042	0.7799598794849248	0.20941882934469636	0.0106212911703788
0.063696	0.8022758664337687	0.1865201761109489	0.01120395745528241
0.06635	0.8125126814712573	0.1757637202405267	0.01172359828821598
0.06900400000000001	0.796503452035463	0.1913355076825394	0.012161040281997576
0.071658	0.7517803179024457	0.23570899231788556	0.012510689779668738
0.074312	0.6873067346392998	0.29994940711358153	0.012743858247118656
0.076966	0.6207419486935255	0.366385844687265	0.012872206619209514
0.07962	0.5730968371161033	0.4138256924547936	0.013077470429103122
0.082274	0.5629877346267999	0.42351397689580417	0.013498288477395981
0.084928	0.5937677015684627	0.39213063798734527	0.014101660444192032
0.08758200000000001	0.6463503133432064	0.3388566922507937	0.01479299440599996
0.09023600000000001	0.6945649780489753	0.28997373040471464	0.015461291546310041
0.09289	0.72144464387981	0.26257750182908485	0.015977854291105154
0.095544	0.7216410973518622	0.26206876960013425	0.01629013304800353
0.09819800000000001	0.7011494766670019	0.2823529188797753	0.01649760445322279
0.100852	0.6758821075093552	0.30725725910598023	0.01686063338466459
0.103506	0.6669166607991529	0.31555527165954644	0.01752806754130065
0.10616	0.6909622858352636	0.29066898176695927	0.018368732397777088
0.10881400000000001	0.7434832782463118	0.2373255294600966	0.01919119229359162
0.11146800000000001	0.796562087468758	0.1835275955687652	0.019910316962476804
0.114122	0.8236604005292606	0.15582613172050389	0.02051346775023552
0.116776	0.8163474236374125	0.16265533217640074	0.02099724418618673
0.11943000000000001	0.7792881062724379	0.19931897587843306	0.021392917849129
0.122084	0.7242773515985697	0.25398357947358075	0.021739068927849603
0.124738	0.6690655511846167	0.30886178972733774	0.02207265908804551
0.127392	0.6352393895140701	0.34232791530116746	0.02243269518476243
0.130046	0.638817603082834	0.3383532831869961	0.022829113730169937
0.1327	0.6741713798271323	0.30258310663022103	0.0232455135426467
0.135354	0.7148788264302234	0.261436362418274	0.023684811151502616
0.13800800000000002	0.7369529720891415	0.23890190118208174	0.024145126728776806
0.140662	0.7316751599485068	0.24370697950620757	0.024617860545285586
0.143316	0.7020280603032013	0.27287037546382004	0.025101564232978657
0.14597000000000002	0.6598212280410733	0.3146582586829831	0.025520513275943568
0.148624	0.6239935680849471	0.35016684362497136	0.02583958829008154
0.151278	0.6154764351739387	0.3583121260319822	0.02621143879407911
0.153932	0.6454230806173067	0.3278642437481377	0.026712675634555594
0.156586	0.7013664862677648	0.2713711447484267	0.027262368983808516
0.15924	0.7533749187810984	0.21882660342675778	0.02779847779214381
0.161894	0.7781778791223832	0.1935148208464383	0.028307300031178456
0.164548	0.7701461182209038	0.20104843481494677	0.028805446964149384
0.16720200000000002	0.7361059246772966	0.23455233075936968	0.029341744563333688
0.169856	0.6899225481397305	0.2801745292064876	0.02990292265378186
0.17251	0.6503013875352098	0.31926212884538985	0.030436483619400323
0.17516400000000001	0.6368135038195611	0.3322334916062924	0.03095300457414646
0.177818	0.6582961034742777	0.3102727212221627	0.0314311753035596
0.18047200000000002	0.7009454469726766	0.2672152302919703	0.031839322735353115
0.183126	0.7373147144134273	0.23047884484835976	0.03220644073821291
0.18578	0.748281800377773	0.21913539664816883	0.032582802974058134
0.18843400000000002	0.7306828136198398	0.2362949330397649	0.033022253340395324
0.191088	0.6924267830961217	0.2739921184175946	0.03358109848628371
0.193742	0.6478374144835657	0.3179467118069141	0.03421587370952023
0.19639600000000002	0.6150294489246634	0.35019821005131585	0.03477234102402077
0.19905	0.6111890381349786	0.3536271285055061	0.035183833359515304
0.201704	0.6412439501900545	0.3232390887651111	0.03551696104483437
0.204358	0.6894314411666909	0.27473477392676454	0.0358337849065446
0.207012	0.7303409400725814	0.23348522103917765	0.03617383888824091
0.20966600000000002	0.7469045767470828	0.2165388583244875	0.036556564928429736
0.21232	0.7355091082687341	0.2274779535668211	0.03701293816444484
0.214974	0.7032872200927556	0.25911463908264126	0.037598140824603166
0.21762800000000002	0.6645442646666678	0.2971587329743011	0.03829700235903105
0.220282	0.6370257673426111	0.3239930406311885	0.03898119202620043
0.22293600000000002	0.6361631091182445	0.32430112958165497	0.03953576130010056
0.22559	0.6642993485446129	0.2957520127429487	0.03994863871243837
0.228244	0.7051795912830777	0.2545628550479443	0.040257553668977986
0.23089800000000002	0.736174610105614	0.22329334375227405	0.04053204614211192
0.233552	0.7433453534143525	0.21581391435983407	0.04084073222581344
0.236206	0.7247540342950748	0.23400323931988778	0.041242726385037426
0.23886000000000002	0.6884887954626342	0.2697130204657912	0.041798184071574596
0.241514	0.6490787786276627	0.3084240345063401	0.04249718686599718
0.244168	0.6231520473780585	0.33364083403644906	0.04320711858549242
0.246822	0.6237771744522524	0.33248027064671654	0.04374255490103102
0.249476	0.6511240615855816	0.3048256778383991	0.04405026057601935
0.25213	0.6894627763243127	0.2663015218735438	0.04423570180214348
0.254784	0.7192536534529596	0.23632283763820133	0.044423508908839116
0.257438	0.7286888899215167	0.22662220294180896	0.04468890713667434
0.260092	0.7153135364935775	0.23960536747963906	0.045081096026783396
0.26274600000000004	0.6857403165490575	0.268619685703628	0.045639997747314476
0.2654	0.653613197763252	0.30003171206901164	0.04635509016773637
0.268054	0.6346483327381716	0.31824103784530816	0.04711062941652028
0.270708	0.6398004132091211	0.3124905417486642	0.04770904504221474
0.273362	0.6669585412409579	0.2849843306242882	0.048057128134753935
0.27601600000000004	0.7007913686085978	0.25096651217767796	0.04824211921372423
0.27867000000000003	0.7248027686294555	0.22679685764691943	0.0484003737236251
0.281324	0.729856246184302	0.22152065782995833	0.04862309598573966
0.283978	0.7142616449405133	0.23676321763309913	0.04897513742638762
0.286632	0.6842173217496703	0.26628721312557063	0.04949546512475905
0.289286	0.6527073788975081	0.297114404820984	0.050178216281507926
0.29194000000000003	0.6343091576611617	0.3147552341618478	0.0509356081769905
0.294594	0.6380744236223387	0.3103586767697377	0.0515668996079236
0.297248	0.6607222096534417	0.28736072420840536	0.05191706613815289
0.299902	0.6883537776935011	0.25959768978048664	0.052048532526012214
0.302556	0.7074221064155972	0.24044087775737122	0.05213701582703156
0.30521000000000004	0.7108519795196965	0.23683502418101368	0.05231299629928984
0.307864	0.6972632703139708	0.2500841832533924	0.05265254643263678
0.310518	0.6717856351786057	0.2750386391110612	0.05317572571033313
0.313172	0.6459224232824122	0.30021658731073897	0.0538609894068488
0.315826	0.6326772002190763	0.312689295478355	0.05463350430256875
0.31848	0.6392782833803783	0.3054127513049626	0.05530896531465912
0.32113400000000003	0.6615338275240109	0.28276076581669235	0.05570540665929674
0.323788	0.6868311370770784	0.25730999871943167	0.0558588642034899
0.326442	0.7039616545875662	0.2400862614966996	0.055952083915734196
0.329096	0.7074961423691817	0.2363733782404315	0.05613047939038682
0.33175	0.6963365447824824	0.2471964804177656	0.05646697479975199
0.33440400000000003	0.6745176427305069	0.2685043688193719	0.05697798845012125
0.337058	0.652110489100431	0.29025473965800064	0.05763477124156835
0.339712	0.6408526168581756	0.30076877400006174	0.05837860914176263
0.342366	0.6465992345029691	0.2943389085227249	0.05906185697430605
0.34502	0.6646531466144203	0.27585611712562047	0.05949073625995921
0.34767400000000004	0.6839015857070523	0.25644419529685725	0.05965421899609047
0.35032800000000003	0.6955527684001853	0.2447250576829844	0.059722173916830296
0.352982	0.6961440396447185	0.24399306218548936	0.05986289816979215
0.355636	0.685570397981266	0.2542603165508463	0.060169285467887745
0.35829	0.667260973460191	0.27208082479641854	0.06065820174339048
0.36094400000000004	0.6494891872755452	0.2892247471497944	0.06128606557466043
0.36359800000000003	0.6419074194256066	0.2961006764176163	0.06199190415677713
0.366252	0.6484991530060539	0.2888438883214556	0.06265695867249055
0.368906	0.6641352931218701	0.27277006548165306	0.0630946413964768
0.37156	0.6794171801077399	0.25732663210050905	0.06325618779175107
0.374214	0.6879621326885368	0.24873664076260854	0.06330122654885467
0.37686800000000004	0.6881298651476432	0.24845704582763378	0.06341308902472303
0.379522	0.6806440258459259	0.255658972978381	0.0636970011756931
0.382176	0.6680184456397003	0.2678207954608869	0.06416075889941286
0.38483	0.656205828055517	0.2790457766183324	0.06474839532615062
0.387484	0.652406420892833	0.28220298369663904	0.065390595410528
0.39013800000000004	0.6588182591652223	0.2751894829912901	0.06599225784348761
0.39279200000000003	0.6702721582147323	0.26332597469459423	0.06640186709067347
0.395446	0.6793416801435964	0.2541017141032708	0.06655660575313277
0.3981	0.6821085106558419	0.25130695034975986	0.06658453899439826
0.400754	0.678885365958182	0.25444535007257796	0.06666928396923999
0.403408	0.6715594154073998	0.2615192469822159	0.06692133761038427
0.40606200000000003	0.6620646220428055	0.2705817385260351	0.0673536394311594
0.408716	0.6539990309045459	0.27810550306299475	0.06789546603245933
0.41137	0.6518774743805974	0.27965460458475144	0.06846792103465116
0.414024	0.6563643704688538	0.2746334075552274	0.06900222197591882
0.416678	0.6630183691320393	0.2675975095089174	0.06938412135904332
0.41933200000000004	0.6668500583512975	0.26360692260549673	0.06954301904320576
0.421986	0.6660715051075071	0.26435275082429227	0.0695757440682006
0.42464	0.6621393099945178	0.2681995878539839	0.06966110215149834
0.427294	0.6574683509565262	0.2726132302125632	0.0699184188309106
0.429948	0.6532699997446964	0.2763770496481616	0.07035295060714203
0.43260200000000004	0.6506188745834787	0.27849423210936375	0.07088689330715758
0.43525600000000003	0.6511739374073203	0.2773891117294429	0.07143695086323676
0.43791	0.6545704020827551	0.273493448876751	0.07193614904049395
0.440564	0.6579478627744405	0.2697500466631988	0.0723020905623607
0.443218	0.6588872903558767	0.2686252182474283	0.07248749139669503
0.44587200000000005	0.6570102411106495	0.27042786562405646	0.072561893265294
0.44852600000000004	0.6539763984274868	0.27334496394461527	0.07267863762789795
0.45118	0.6521084957881201	0.27493864002669555	0.07295286418518432
0.453834	0.6519054072158323	0.27470039302842153	0.07339419975574613
0.456488	0.6524891084988138	0.2735889618669335	0.0739219296342527
0.459142	0.6535900442872793	0.27196301633321796	0.07444693937950275
0.46179600000000004	0.6548805383419509	0.2702063209801582	0.0749131406778909
0.46445000000000003	0.6554912783172337	0.269235932815052	0.07527278886771427
0.467104	0.6548232794320206	0.2696832690185803	0.07549345154939913
0.469758	0.65279868786336	0.2715800748641028	0.07562123727253717
0.472412	0.6506664019351093	0.2735561668836447	0.07577743118124602
0.47506600000000004	0.6506215740126259	0.27330725295808134	0.07607117302929278
0.47772000000000003	0.6530409273643043	0.2704482873787629	0.07651078525693278
0.480374	0.6560193190652871	0.26695855975773475	0.07702212117697815
0.483028	0.6580211241490943	0.2644547673089185	0.07752410854198721
0.485682	0.6588684781808316	0.26316855207880685	0.07796296974036154
0.488336	0.6590400499081626	0.26264009812186934	0.0783198519699681
0.49099000000000004	0.6587465766080414	0.2626716317308749	0.07858179166108376
0.493644	0.6576345862644626	0.26359089324050594	0.07877452049503147
0.496298	0.6564957047699471	0.26451935012329775	0.07898494510675513
0.498952	0.6575102291255434	0.2631859735561358	0.07930379731832082
0.501606	0.6613097841124483	0.2589532377773778	0.07973697811017388
0.50426	0.6656922209802121	0.2540777008352397	0.08023007818454825
0.506914	0.6684150984968287	0.2508781071368971	0.0807067943662742
0.509568	0.6693374787608966	0.2495429700442308	0.08111955119487266
0.5122220000000001	0.6695272228954526	0.24900935428816692	0.08146342281638044
0.514876	0.6692458591754583	0.24900491420121637	0.08174922662332532
0.51753	0.6677896674022196	0.2502210897507314	0.08198924284704906
0.520184	0.6658470308367901	0.25192505626548356	0.08222791289772635
0.522838	0.6658662712478245	0.251598264476643	0.08253546427553249
0.5254920000000001	0.6690740137264746	0.2479930637984038	0.08293292247512163
0.528146	0.6735656508190976	0.2430593562243459	0.08337499295655651
0.5308	0.6767246209262844	0.23947724763913322	0.0837981314345824
0.533454	0.6780977444594186	0.23774349374682205	0.08415876179375933
0.536108	0.6786111603212792	0.23693152926633154	0.08445731041238924
0.5387620000000001	0.6781345297849735	0.23713601449958965	0.08472945571543689
0.541416	0.6757283739387578	0.23928460786413752	0.08498701819710464
0.54407	0.6722936027322847	0.24246389252398373	0.0852425047437316
0.546724	0.6707434362968298	0.24371686177515037	0.08553970192801988
0.549378	0.6730087179790063	0.2410949840604464	0.08589629796054729
0.5520320000000001	0.6776572020730585	0.23605585498074608	0.08628694294619546
0.554686	0.6816742073325205	0.2316731227862809	0.0866526698811986
0.5573400000000001	0.6838166118999345	0.22923061462378425	0.08695277347628128
0.559994	0.6844438183464268	0.22836538750229093	0.08719079415128231
0.562648	0.6831750061277656	0.2293993056918155	0.0874256881804189
0.565302	0.6792918992963412	0.23302029146834416	0.08768780923531469
0.567956	0.6741691164181581	0.23786717596734824	0.08796370761449362
0.5706100000000001	0.6711114887214016	0.24062764897914446	0.08826086229945396
0.573264	0.6724840569322732	0.23892233241445465	0.08859361065327215
0.575918	0.6772099186098378	0.233849193330657	0.08894088805950517
0.578572	0.6818788995603274	0.2288639579448814	0.08925714249479116
0.581226	0.6843730329941886	0.22612390114669567	0.08950306585911572
0.5838800000000001	0.6845013528064473	0.2258153440756775	0.0896833031178752
0.586534	0.6819573206809226	0.22816663910743326	0.08987604021164411
0.589188	0.6766014577086821	0.23326232505023073	0.0901362172410872
0.591842	0.670322155593571	0.2392409368217783	0.0904369075846507
0.594496	0.6665297169339403	0.2427111130391997	0.09075917002686004
0.5971500000000001	0.6676748284103549	0.24122873248585003	0.09109643910379511
0.599804	0.6728542031096293	0.23571918823632335	0.09142660865404736
0.602458	0.6783299547109135	0.22996009269191564	0.09170995259717085
0.605112	0.6812016578776947	0.22689003863292254	0.09190830348938275
0.607766	0.6809303264618137	0.22703512468422102	0.09203454885396525
0.6104200000000001	0.677631086621819	0.23018589720963195	0.09218301616854901
0.613074	0.6717950717319776	0.23576601594162602	0.09243891232639637
0.615728	0.6655200064231062	0.24169979881596648	0.09278019476092736
0.618382	0.6619736602459336	0.24487683265149454	0.09314950710257183
0.621036	0.663360697005818	0.24312755373408823	0.09351174926009376
0.6236900000000001	0.6688627009255222	0.23729280154099303	0.09384449753348473
0.626344	0.6747579321491347	0.2311309426525281	0.0941111251983372
0.6289980000000001	0.6778389245656202	0.2278830692349219	0.09427800619945786
0.631652	0.6774727226316937	0.22816358409829832	0.09436369327000801
0.634306	0.6741172400882768	0.23140522449309256	0.09447753541863066
0.63696	0.6686257326740717	0.23665014727200312	0.09472412005392522
0.639614	0.6630440077125866	0.24186984417785268	0.09508614810956068
0.6422680000000001	0.6601014545500165	0.24441459127263512	0.09548395417734842
0.644922	0.6616161809366738	0.24252212465234532	0.09586169441098083
0.647576	0.6669374927934036	0.2368707137244331	0.09619179348216325
0.65023	0.6728438102078923	0.23071719295419563	0.09643899683791207
0.652884	0.676299877169696	0.227125132874473	0.09657498995583103
0.6555380000000001	0.6765540238374445	0.22681824666276426	0.09662772949979129
0.658192	0.6740224047919577	0.2292664614122178	0.09671113379582447
0.660846	0.6695418853102034	0.23351529623228476	0.09694281845751182
0.6635	0.6649281692660313	0.23775570646689495	0.09731612426707378
0.666154	0.6624634622742757	0.23979635340133693	0.09774018432438741
0.6688080000000001	0.6636684901958124	0.23819491525299466	0.09813659455119292
0.671462	0.6682529029255405	0.2332850545782784	0.0984620424961811
0.674116	0.6738587231228669	0.22744848654956382	0.09869279032756931
0.67677	0.6778863729097498	0.22330679668162642	0.09880683040862373
0.679424	0.6792547584607412	0.2219077246412616	0.09883751689799716
0.6820780000000001	0.6778969449440038	0.2232053408937379	0.09889771416225834
0.684732	0.6743941038231858	0.22649573013458388	0.09911016604223036
0.687386	0.6703714998510226	0.2301452623161061	0.09948323783287127
0.69004	0.6678442261285971	0.23223350181741526	0.09992227205398768
0.692694	0.6681986237179323	0.2314722089273898	0.10032916735467795
0.6953480000000001	0.6716052567740065	0.22773850207414853	0.10065624115184496
0.698002	0.6767205908932944	0.22240121318534	0.1008781959213656
0.7006560000000001	0.6814540299074229	0.21756536766396076	0.10098060242861637
0.70331	0.6842160679877618	0.21478281520017062	0.10100111681206758
0.705964	0.6841646201488367	0.21478455711231664	0.10105082273884664
0.7086180000000001	0.6814998464246476	0.21724846771869435	0.10125168585665809
0.711272	0.6777282052071958	0.22064720458881945	0.10162459020398476
0.7139260000000001	0.6747609896371667	0.2231612548325831	0.10207775553025022
0.71658	0.6739892493171055	0.22350850766637942	0.10250224301651512
0.719234	0.6760762020364274	0.22108698280758976	0.10283681515598286
0.7218880000000001	0.6806181949596943	0.21632002689649651	0.10306177814380915
0.724542	0.6859973533520162	0.21083361153636127	0.10316903511162256
0.7271960000000001	0.690051957227945	0.20675988336856313	0.10318815940349188
0.72985	0.6910883078696942	0.20568620017921854	0.10322549195108724
0.732504	0.6889211839788107	0.2076770431398337	0.10340177288135555
0.735158	0.685048938672226	0.21119909903205977	0.10375196229571418
0.737812	0.6814461047335684	0.21435963930793342	0.10419425595849821
0.7404660000000001	0.6795831379396591	0.2158024539304054	0.10461440812993553
0.74312	0.6804583646282603	0.21459997459011265	0.10494166078162709
0.745774	0.6843576592756094	0.21049025722878092	0.10515208349560964
0.748428	0.6900973045580058	0.20465815568282628	0.10524453975916795
0.751082	0.6950873961391583	0.19965401781338582	0.10525858604745592
0.7537360000000001	0.6968618157574294	0.1978472268428824	0.10529095739968816
0.75639	0.6948933518054622	0.1996563763879848	0.105450271806553
0.759044	0.6907258197436592	0.2034933487276985	0.10578083152864229
0.761698	0.6864396694659629	0.2073433091495189	0.10621702138451819
0.764352	0.683632969124764	0.20972726794096036	0.10663976293427563
0.7670060000000001	0.6835533819503905	0.20947613899300185	0.10697047905660764
0.76966	0.6869630957817392	0.2058570357934527	0.10717986842480812
0.7723140000000001	0.6930058292693619	0.19972690194655293	0.10726726878408513
0.774968	0.6987506670004335	0.19397827776294924	0.10727105523661723
0.777622	0.7010721152966031	0.19164116862084585	0.10728671608255108
0.7802760000000001	0.699152951963307	0.19342380960592778	0.10742323843076526
0.78293	0.694614254494547	0.19765980508476055	0.1077259404206925
0.7855840000000001	0.6896597187205882	0.20219901957941783	0.108141261699994
0.788238	0.686006455483988	0.20543923977821008	0.10855430473780195
0.790892	0.6851043966727469	0.20601820990978983	0.10887739341746325
0.7935460000000001	0.688019202395412	0.20290856620932077	0.1090722313952672
0.7962	0.6940977549857069	0.19676179744935152	0.10914044756494157
0.7988540000000001	0.7002061763728192	0.1906671214817658	0.10912670214541498
0.801508	0.702795781164069	0.1880779202134075	0.10912629862252346
0.804162	0.7008548828645619	0.18990335510100398	0.10924176203443414
0.806816	0.6960789740326667	0.19440236598537197	0.10951865998196131
0.80947	0.6907771127497048	0.19930441064326013	0.1099184766070351
0.8121240000000001	0.686673139471309	0.20299294118363864	0.11033391934505232
0.814778	0.685214527998143	0.20411841414744053	0.1106670578544165
0.817432	0.6876094186872206	0.2015280548435256	0.11086252646925382
0.820086	0.6934368028065918	0.19564277099110491	0.11092042620230327
0.82274	0.699620050347189	0.18948454464631212	0.11089540500649889
0.8253940000000001	0.7024657203304038	0.18664945366699137	0.11088482600260485
0.828048	0.7008321063850231	0.18818410714956924	0.11098378646540763
0.830702	0.6963383126278834	0.19242839322307193	0.1112332941490447
0.833356	0.6912131460460588	0.19717930558272795	0.11160754837121328
0.83601	0.6870812086243092	0.20090696442650535	0.11201182694918543
0.8386640000000001	0.6852610734033051	0.20239580178406769	0.1123431248126272
0.841318	0.6869870834523286	0.20048072695395597	0.11253218959371541
0.843972	0.6922353082643083	0.19519059120892557	0.11257410052676609
0.846626	0.6984255309198493	0.18904018552027063	0.1125342835598801
0.84928	0.701917679966398	0.18556492369772126	0.11251739633588076
0.8519340000000001	0.70119781423372	0.186189794760892	0.11261239100538803
0.854588	0.6974980801508661	0.18964951355857326	0.11285240629056062
0.8572420000000001	0.6928213120603324	0.1939598314589743	0.11321885648069333
0.859896	0.6886871837479913	0.19768605826267147	0.11362675798933722
0.86255	0.6864010851914483	0.19963281749960668	0.11396609730894505
0.8652040000000001	0.6873564035613534	0.19848301310663038	0.1141605833320162
0.867858	0.6919683900188993	0.1938288695212442	0.11420274045985648
0.8705120000000001	0.6982174586416341	0.18762175332692063	0.11416078803144528
0.873166	0.7025798284460452	0.1832816647458398	0.11413850680811505
0.87582	0.7030649186591419	0.18271584792916917	0.11421923341168894
0.8784740000000001	0.7003463035204276	0.18521420730519594	0.11443948917437646
0.881128	0.6961555840207085	0.18906016614348203	0.11478424983580943
0.8837820000000001	0.6919742433782322	0.19285012098649257	0.11517563563527522
0.886436	0.689167586028651	0.19532321097950434	0.11550920299184464
0.88909	0.6893228803475382	0.19497916981198846	0.11569794984047335
0.8917440000000001	0.693273021699281	0.1909952822881404	0.11573169601257866
0.894398	0.6995217626559992	0.18479314434567085	0.11568509299832996
0.8970520000000001	0.7046851482227467	0.17965015980152482	0.11566469197572843
0.899706	0.7063181892953396	0.17793302604344635	0.11574878466121402
0.90236	0.7045097220269229	0.1795286721794369	0.11596160579364023
0.905014	0.7007190257565844	0.18299652603659466	0.11628444820682093
0.907668	0.6964277020390803	0.1869149130081331	0.11665738495278657
0.9103220000000001	0.6931587964607391	0.18985596818904935	0.11698523535021157
0.912976	0.6926769212649172	0.19014120841647703	0.11718187031860577
0.91563	0.6960670971091908	0.18670180536815723	0.11723109752265198
0.918284	0.7022391637191253	0.18057291018538293	0.11718792609549175
0.920938	0.708027198834395	0.17480911947002284	0.11716368169558214
0.9235920000000001	0.710652843831589	0.17210603783967945	0.11724111832873155
0.926246	0.7096291784032565	0.17292754683662154	0.11744327476012201
0.9289000000000001	0.7061236957765389	0.1761327771996542	0.11774352702380692
0.931554	0.7017013753962253	0.18021035460535237	0.11808826999842229
0.934208	0.6980882044217191	0.18351249857839913	0.11839929699988172
0.9368620000000001	0.6971579876583203	0.18424651525059837	0.11859549709108136
0.939516	0.7000837720286871	0.18126815364548235	0.11864807432583055
0.9421700000000001	0.7060207620091858	0.1753631581107165	0.11861607988009765
0.944824	0.7120706943532232	0.16932938720159774	0.11859991844517903
0.947478	0.7153110631036582	0.16601643798249474	0.11867249891384704
0.9501320000000001	0.7148136058454619	0.16632907220598578	0.11885732194855228
0.952786	0.7115131985158518	0.16935156797375048	0.1191352335103977
0.9554400000000001	0.7070492026988908	0.17348859452942153	0.11946220277168765
0.958094	0.7032796233314981	0.17695461838103618	0.11976575828746575
0.960748	0.7021191311964347	0.177917609700323	0.11996325910324235
0.9634020000000001	0.7047030120861544	0.1752724922783067	0.12002449563553891
0.966056	0.7102676074354122	0.16973191016385217	0.12000048240073566
0.9687100000000001	0.7161447455757479	0.16386468299647275	0.11999057142777933
0.971364	0.7194957728953982	0.16043505995196256	0.12006916715263921
0.974018	0.7191817339490061	0.16057042229387988	0.12024784375711403
0.976672	0.715936224073763	0.16356466499090205	0.12049911093533494
0.979326	0.7114190051544307	0.16779022338822142	0.1207907714573479
0.9819800000000001	0.7076457323872247	0.1712859429345296	0.12106832467824569
0.984634	0.706512360681983	0.17222595831167103	0.12126168100634599
0.987288	0.7089204851170424	0.16974471603048394	0.12133479885247364
0.989942	0.7140082781017205	0.1646628026719434	0.1213289192263361
0.992596	0.7193975917939147	0.1592704176334399	0.12133199057264538
0.9952500000000001	0.7225523771415269	0.1560388735226621	0.12140874933581103
0.997904	0.7222788424833393	0.15614424481824488	0.12157691269841583
1.000558	0.7191301925462414	0.15905158715582784	0.12181822029793071
