Time	Population1	Population2	Population3
0.002654	0.9780657988115641	0.021930972965807673	3.228222628246652e-06
0.005308	0.9165676075554073	0.0833862669941479	4.612545044475891e-05
0.007962	0.8286492687149123	0.17114690488432896	0.0002038264007587498
0.010616	0.7376105002262453	0.2618381023741455	0.0005513973996091881
0.01327	0.6700411743311812	0.3288423800145082	0.0011164456543106271
0.015924	0.6367307122251197	0.3613985592018109	0.0018707285730694134
0.018578	0.6257122259346005	0.3715690764078183	0.002718697657581204
0.021232	0.616141837908432	0.3804196626703695	0.0034384994211985043
0.023886	0.5939053387586304	0.40226156037934335	0.003833100862026262
0.02654	0.5593686665919922	0.43661643357947777	0.004014899828529983
0.029194	0.5253537029344048	0.47038033006968577	0.004265966995909476
0.031848	0.5105948943669147	0.4846462327914483	0.004758872841636952
0.034502000000000005	0.5336182011954289	0.46086145358848135	0.005520345216089739
0.037156	0.5987127454460829	0.3948463837721293	0.006440870781787844
0.03981	0.6856292497664602	0.30702593959980695	0.007344810633732823
0.042464	0.7656681939422691	0.22629273852569556	0.008039067532035288
0.045118000000000005	0.821440068340184	0.17023178371464548	0.008328147945170505
0.047772	0.8466458673988171	0.14505058489552353	0.008303547705659386
0.050426	0.8415818507210256	0.15001623640394654	0.008401912875027812
0.05308	0.8144991657467132	0.17668994728177564	0.00881088697151114
0.055734000000000006	0.782994244974216	0.20761222625892897	0.009393528766855036
0.058388	0.7685984189491448	0.2213656365250673	0.010035944525787877
0.061042	0.7799405383999456	0.20939039025623626	0.010669071343818143
0.063696	0.8022634292905055	0.18648492247873533	0.011251648230759137
0.06635	0.8125050272741986	0.17572364902785031	0.011771323697951086
0.06900400000000001	0.7964975251271933	0.1912942309157057	0.012208243957101017
0.071658	0.7517705009310194	0.23567124457122873	0.012558254497751886
0.074312	0.687292925687968	0.29991707748377705	0.01278999682825499
0.076966	0.6207334878731693	0.36635102770977274	0.012915484417057976
0.07962	0.5730983845292642	0.41378622736632564	0.013115388104410153
0.082274	0.5629771950762552	0.4234941172211389	0.013528687702605902
0.084928	0.5937180519393686	0.39215824263731885	0.014123705423312594
0.08758200000000001	0.6462583402220055	0.3389325068788319	0.014809152899162625
0.09023600000000001	0.6944553261340703	0.2900699312038209	0.015474742662108742
0.09289	0.7213333346859223	0.26267541361896113	0.01599125169511656
0.095544	0.7215194179254433	0.2621741583759553	0.016306423698601413
0.09819800000000001	0.7010108214001001	0.28246961082026645	0.01651956777963348
0.100852	0.6757274761807511	0.30738540413070387	0.016887119688545005
0.103506	0.6667319688884361	0.3157120150322005	0.017556016079363412
0.10616	0.6907320421954102	0.29087161056793276	0.018396347236657062
0.10881400000000001	0.7432302177092206	0.23755092137718645	0.019218860913592956
0.11146800000000001	0.7963350709461576	0.18372421183519405	0.01994071721864832
0.114122	0.8234987431587776	0.15595422230003614	0.020547034541186282
0.116776	0.8162405134854802	0.16272599537342436	0.02103349114109543
0.11943000000000001	0.7791991287810502	0.19936835205438935	0.021432519164560404
0.122084	0.7241953992533574	0.25402105574946376	0.021783544997178828
0.124738	0.6690052482181627	0.30887703350631474	0.022117718275522613
0.127392	0.6352022903520691	0.34232343096518913	0.022474278682741766
0.130046	0.6387987449544089	0.3383347833514679	0.022866471694123203
0.1327	0.6741892371513076	0.3025286772575578	0.023282085591134594
0.135354	0.7149300502846994	0.2613452840395554	0.023724665675745216
0.13800800000000002	0.7369893553515623	0.23882048049865487	0.02419016414978284
0.140662	0.7316260316884401	0.243704991178137	0.02466897713342292
0.143316	0.7018394655034155	0.2729986270349968	0.02516190746158775
0.14597000000000002	0.6594932580303678	0.31491588702847834	0.025590854941153818
0.148624	0.6235738593349327	0.3505078402918998	0.025918300373167502
0.151278	0.6150211272695781	0.3586832138436187	0.026295658886803186
0.153932	0.6449814820578789	0.32821673450274724	0.026801783439373894
0.156586	0.7010099499445684	0.2716344851822069	0.027355564873224658
0.15924	0.7531310027212258	0.21897056948376872	0.02789842779500548
0.161894	0.7779926290414559	0.19359096950401078	0.02841640145453328
0.164548	0.7699493499592086	0.2011283200078508	0.02892233003294059
0.16720200000000002	0.7358469490243935	0.2346901463330561	0.029462904642550386
0.169856	0.6895963511647846	0.2803758620431269	0.030027786792088507
0.17251	0.6499405431743328	0.31949239955231856	0.03056705727334863
0.17516400000000001	0.6364579979890255	0.33245742923433097	0.03108457277664356
0.177818	0.6579786519697525	0.31045852901119547	0.03156281901905206
0.18047200000000002	0.7006676112176399	0.267360372114084	0.03197201666827615
0.183126	0.7369984479875281	0.23065636829119912	0.03234518372127276
0.18578	0.7478311627676454	0.2194367622743452	0.03273207495800942
0.18843400000000002	0.730074052321622	0.23674375472638903	0.03318219295198893
0.191088	0.6916908862286841	0.27456039192464454	0.033748721846671326
0.193742	0.6470320478610491	0.3185783897426122	0.034389562396338724
0.19639600000000002	0.6142196032013335	0.35082680728952115	0.034953589509145344
0.19905	0.6104225089330958	0.35420473456745966	0.035372756499444546
0.201704	0.6405622172475298	0.3237252696568263	0.03571251309564388
0.204358	0.6888518532089641	0.2751110664771326	0.036037080313903236
0.207012	0.7298021950043709	0.23381276474958324	0.03638504024604583
0.20966600000000002	0.7463277294022369	0.21689497129850172	0.03677729929926138
0.21232	0.7348844503366232	0.22787205411897535	0.037243495544401456
0.214974	0.7026397894410472	0.2595254078174008	0.03783480274155199
0.21762800000000002	0.6638904989188668	0.29757345885870046	0.03853604222243279
0.220282	0.6363665517356146	0.3244086010766587	0.039224847187726675
0.22293600000000002	0.6354787266785672	0.3247317259591167	0.0397895473623161
0.22559	0.6635936911016116	0.29619451224658294	0.040211796651805465
0.228244	0.7044714313590869	0.25500160327586807	0.040526965365045076
0.23089800000000002	0.73543911275548	0.22375463378679236	0.04080625345772762
0.233552	0.7425369736328312	0.21634235599331106	0.04112067037385772
0.236206	0.7238900570704965	0.23457906949079832	0.04153087343870521
0.23886000000000002	0.6876134964436744	0.27029432569870443	0.04209217785762115
0.241514	0.6482104199407335	0.308991460880215	0.04279811917905152
0.244168	0.6222901752155953	0.33419051904369235	0.04351930574071239
0.246822	0.622912000530248	0.3330196366041028	0.04406836286564925
0.249476	0.6502568246631687	0.3053524004933643	0.044390774843466985
0.25213	0.6885986240702441	0.2668133914312503	0.044587984498505595
0.254784	0.7183722614022422	0.23684274999607935	0.044784988601678455
0.257438	0.7277628079076206	0.22717760699770478	0.045059585094674615
0.260092	0.7143740447845712	0.24016389867205182	0.045462056543376955
0.26274600000000004	0.684824547657484	0.26914511903319627	0.046030333309319715
0.2654	0.652697260039343	0.3005490257380244	0.04675371422263258
0.268054	0.6336699450506077	0.3188086732395556	0.04752138170983672
0.270708	0.638744631869574	0.3131173857467516	0.04813798238367445
0.273362	0.6659031286134739	0.28558757559719733	0.04850929578932878
0.27601600000000004	0.6998028146647931	0.25148103308371117	0.048716152251495726
0.27867000000000003	0.723854513412021	0.2272571024839364	0.04888838410404259
0.281324	0.7288679980316262	0.22201003158520669	0.04912197038316715
0.283978	0.713205177313478	0.23731218361839534	0.049482639068126666
0.286632	0.6831084399951435	0.26688159325329325	0.05000996675156327
0.289286	0.6515311859746766	0.29776965236094505	0.05069916166437832
0.29194000000000003	0.6330110314887806	0.31552110863930444	0.05146785987191499
0.294594	0.6366366427905715	0.3112457158542585	0.05211764135517
0.297248	0.6592137785780996	0.2882956412148055	0.052490580207094906
0.299902	0.6868636909281316	0.2604925451191608	0.05264376395270759
0.302556	0.7059845532599565	0.24126889698496298	0.05274654975508056
0.30521000000000004	0.7094329416718546	0.23763399581118586	0.05293306251695959
0.307864	0.6958349892033897	0.2508861421865395	0.053278868610070806
0.310518	0.6703352522974699	0.27585506963611395	0.05380967806641612
0.313172	0.644410930398058	0.3010833362480613	0.05450573335388076
0.315826	0.6310514918768668	0.31365366487776225	0.05529484324537093
0.31848	0.637541786713894	0.3064661402090996	0.05599207307700632
0.32113400000000003	0.6597472854992635	0.283840527774255	0.05641218672648146
0.323788	0.685053310666971	0.25835926943124443	0.05658741990178462
0.326442	0.7022250887851091	0.24108139285541375	0.05669351835947711
0.329096	0.7057884277006445	0.23733523486769117	0.05687633743166429
0.33175	0.6946304131498083	0.24815364686001717	0.05721593999017449
0.33440400000000003	0.672777781620051	0.26949010397825635	0.05773211440169268
0.337058	0.6502502017634081	0.29135138860240234	0.058398409634189574
0.339712	0.6387899142012472	0.3020510841628798	0.05915900163587301
0.342366	0.6443506715928231	0.2957824273451914	0.0598669010619855
0.34502	0.6623061806633214	0.27736732800869923	0.060326491327979404
0.34767400000000004	0.6815509088944137	0.2579330160906809	0.06051607501490536
0.35032800000000003	0.6932742643190221	0.2461274956661524	0.06059824001482553
0.352982	0.6939389627139617	0.24531551416529168	0.0607455231207466
0.355636	0.6833961234668785	0.2555460926224852	0.06105778391063632
0.35829	0.6650833589840202	0.2733635929014584	0.06155304811452145
0.36094400000000004	0.6472422263030713	0.29056583561287025	0.062191938084058485
0.36359800000000003	0.6395176122154819	0.2975644062805265	0.06291798150399164
0.366252	0.6459551604969841	0.2904340185331578	0.0636108209698581
0.368906	0.6614783042306648	0.2744416857260451	0.06408001004329011
0.37156	0.6767392902915758	0.25899161463957393	0.06426909506885031
0.374214	0.685360204586522	0.2503085889483048	0.06433120646517315
0.37686800000000004	0.6855904609484283	0.24995405033333334	0.06445548871823831
0.379522	0.6780752016364227	0.25717531979448943	0.06474947856908791
0.382176	0.6653472283528302	0.26942913232699545	0.06522363932017433
0.38483	0.6533636968587256	0.2808118976760016	0.06582440546527274
0.387484	0.6493441091389186	0.2841662950522881	0.06648959580879332
0.39013800000000004	0.6555657867274411	0.2773082968819892	0.06712591639056964
0.39279200000000003	0.6669058585640496	0.26551892588890824	0.06757521554704216
0.395446	0.6759917405813298	0.25624602644176914	0.06776223297690104
0.3981	0.6788994420542774	0.25329048115179587	0.0678100767939267
0.400754	0.6757971575784033	0.2562957467910286	0.06790709563056807
0.403408	0.6684481648660676	0.2633822938040438	0.06816954132988856
0.40606200000000003	0.6588220103701538	0.2725690274726524	0.06860896215719386
0.408716	0.6505748420076771	0.2802606665431521	0.06916449144917075
0.41137	0.6482585116568057	0.2819742218801113	0.06976726646308301
0.414024	0.6525949064523289	0.2770616362654008	0.07034345728227032
0.416678	0.6591591117771851	0.27007197444756387	0.07076891377525102
0.41933200000000004	0.6630131359615685	0.2660284347383793	0.0709584293000522
