Time	Population1	Population2	Population3
0.002654	0.9780657683265732	0.021930992298984053	3.2393744427323956e-06
0.005308	0.9165677508766358	0.08338602080495183	4.622831841238906e-05
0.007962	0.8286501935600818	0.17114539498807912	0.0002044114518390261
0.010616	0.7376121695777215	0.2618352432194378	0.0005525872028407375
0.01327	0.6700412703484364	0.32884070539433424	0.0011180242572293442
0.015924	0.6367262717298129	0.36140105331482036	0.0018726749553667488
0.018578	0.6257028539115793	0.3715761984747669	0.002720947613653768
0.021232	0.616129467113162	0.3804294657121977	0.003441067174640322
0.023886	0.5938922176208193	0.4022719219271144	0.003835860452066242
0.02654	0.5593554577549466	0.4366268308156205	0.0040177114294329686
0.029194	0.525341062474816	0.47039005402346085	0.004268883501723109
0.031848	0.5105853076131556	0.4846526330741004	0.004762059312744038
0.034502000000000005	0.5336121797883079	0.4608641581251264	0.005523662086565739
0.037156	0.5987103910409857	0.3948453242634087	0.006444284695605651
0.03981	0.6856322665923301	0.3070194270090463	0.007348306398623605
0.042464	0.7656754566915757	0.22628194121430284	0.008042602094121498
0.045118000000000005	0.8214510196666321	0.17021727238882328	0.008331707944544575
0.047772	0.8466622715668048	0.14503061275493953	0.008307115678255622
0.050426	0.8416044430431353	0.14998999978136582	0.008405557175498873
0.05308	0.8145259678915092	0.1766593870150358	0.008814645093454976
0.055734000000000006	0.7830224295320525	0.20758022877442137	0.009397341693526157
0.058388	0.768626321195159	0.22133398644865707	0.010039692356183988
0.061042	0.7799671336943698	0.20936020549027776	0.01067266081535248
0.063696	0.8022884278467608	0.18645647855893024	0.011255093594308957
0.06635	0.812529716104977	0.17569562507849773	0.01177465881652523
0.06900400000000001	0.7965220194952041	0.19126651865788696	0.012211461846908966
0.071658	0.7517926616682892	0.23564610324441576	0.012561235087295064
0.074312	0.6873116454660029	0.2998958971517168	0.012792457382280353
0.076966	0.620749706520833	0.3663333858173433	0.01291690766182374
0.07962	0.5731116799113023	0.41377245958395353	0.01311586050474417
0.082274	0.5629863999545391	0.4234849074223694	0.013528692623091476
0.084928	0.5937235575982642	0.3921530278546392	0.014123414547096591
0.08758200000000001	0.6462618750031757	0.33892941110118363	0.014808713895640702
0.09023600000000001	0.694459561757112	0.2900661031954253	0.015474335047462706
0.09289	0.7213386679503788	0.26267049306199985	0.015990838987621325
0.095544	0.7215249690081098	0.26216902860056335	0.016306002391326846
0.09819800000000001	0.7010172049251264	0.2824633339512487	0.0165194611236249
0.100852	0.6757364481529824	0.30737634088036275	0.016887210966654853
0.103506	0.6667432797098918	0.31570075325059743	0.01755596703951079
0.10616	0.6907437741294928	0.2908603208985443	0.018395904971962862
0.10881400000000001	0.7432451319300519	0.2375367649826986	0.019218103087249472
0.11146800000000001	0.796358148176295	0.18370180872386765	0.019940043099837323
0.114122	0.8235292107041913	0.15592405685506652	0.020546732440742205
0.116776	0.8162741813142536	0.16269242875902346	0.02103338992672299
0.11943000000000001	0.7792325711142392	0.19933517813914758	0.021432250746613257
0.122084	0.7242269048353017	0.2539900373823816	0.021783057782316706
0.124738	0.6690336131072603	0.30884948304914694	0.022116903843592772
0.127392	0.6352250014056461	0.34230229148441194	0.02247270710994198
0.130046	0.6388147246553878	0.33832122246486784	0.022864052879744357
0.1327	0.6741999891534588	0.30252078064181126	0.02327923020472994
0.135354	0.7149372770439301	0.26134081938867876	0.023721903567391178
0.13800800000000002	0.7369930119995887	0.23881916800148362	0.024187819998927718
0.140662	0.7316252219591389	0.24370756427320958	0.02466721376765149
0.143316	0.7018367930797488	0.27300267988541604	0.02516052703483518
0.14597000000000002	0.6595022865531273	0.3149078924425077	0.02558982100436502
0.148624	0.6236315125749547	0.3504508845181034	0.02591760290694184
0.151278	0.6151951416301175	0.35851028227676646	0.026294576093116084
0.153932	0.6453296380525131	0.3278708280272191	0.026799533920267793
0.156586	0.7014690413585334	0.27117902470629657	0.027351933935170047
0.15924	0.7535063132680608	0.21860020159065285	0.02789348514128631
0.161894	0.7781649482118842	0.19342486851536386	0.028410183272751938
0.164548	0.7700570379976261	0.20102772095756513	0.02891524104480872
0.16720200000000002	0.7363024842746292	0.2342426256354376	0.02945489008993321
0.169856	0.6910316804263508	0.2789513009390445	0.03001701863460471
0.17251	0.6531150567747018	0.31633591398959254	0.030549029235705627
0.17516400000000001	0.6418552350893338	0.32709340877523546	0.031051356135430697
0.177818	0.6648877884486387	0.30360706237981644	0.031505149171544844
0.18047200000000002	0.7068200328141395	0.26129564849304826	0.03188431869281222
0.183126	0.7400362169209658	0.22773796652177797	0.03222581655725626
0.18578	0.7470735590993839	0.22034293757215032	0.032583503328465796
0.18843400000000002	0.7266665502807066	0.24031884701440243	0.03301460270489098
0.191088	0.6878048274471269	0.2786196290256453	0.0335755435272278
0.193742	0.6451451874961812	0.32063832651018986	0.03421648599362892
0.19639600000000002	0.6165007151379558	0.34872762545670566	0.03477165940533855
0.19905	0.6175052958561217	0.34733376184012715	0.035160942303751164
0.201704	0.6498361646509904	0.3147159318821791	0.03544790346683052
0.204358	0.6949870936903946	0.269308988044251	0.035703918265354406
0.207012	0.7285953747385525	0.23542619179199975	0.035978433469447735
0.20966600000000002	0.7374835425599454	0.2262088826433435	0.036307574796711095
0.21232	0.7212795521245675	0.24198335565275086	0.03673709222268162
0.214974	0.6883868559172176	0.2742926369327789	0.03732050715000351
0.21762800000000002	0.6528842586120899	0.309088443838227	0.03802729754968315
0.220282	0.6311038204828003	0.33018791330079256	0.038708266216407106
0.22293600000000002	0.6354197096914679	0.3253518672164743	0.03922842309205782
0.22559	0.6640499100829198	0.29637935078976707	0.039570739127313126
0.228244	0.6989917352756854	0.26121795117926655	0.039790313545048084
0.23089800000000002	0.7206308986393574	0.239389087112914	0.039980014247728624
0.233552	0.7198420462568448	0.2399234953592615	0.04023445838389372
0.236206	0.6977067522160654	0.2616609520472068	0.04063229573672783
0.23886000000000002	0.662940158712917	0.29583395319158523	0.041225888095497765
0.241514	0.6289378835126688	0.3290751619566815	0.04198695453064971
0.244168	0.6097820351861517	0.3474609911815254	0.04275697363232289
0.246822	0.6147260798575603	0.3419514898567766	0.04332243028566307
0.249476	0.640661550780366	0.31571620300486697	0.04362224621476701
0.25213	0.6724513467504895	0.28377846228949527	0.043770190960015276
0.254784	0.6949294095722165	0.2611562169819151	0.043914373445868404
0.257438	0.7003331174915947	0.25550405834615497	0.04416282416225037
0.260092	0.6876974937186013	0.2677171443644354	0.04458536191696327
0.26274600000000004	0.6629695545080205	0.2918166651343093	0.04521378035767015
0.2654	0.6376874132710774	0.31629803729832046	0.04601454943060218
0.268054	0.6245464728226302	0.328600047135232	0.046853480042137796
0.270708	0.6314824941264036	0.32099668368549306	0.047520822188103384
0.273362	0.6555078600258559	0.2965721317266757	0.04792000824746839
0.27601600000000004	0.6839781893840315	0.26788550470353567	0.048136305912432786
0.27867000000000003	0.7043493163604942	0.24733850804198593	0.048312175597519824
0.281324	0.7095537568862406	0.24188103262228147	0.04856521049147797
0.283978	0.6978568788630884	0.2531693483554289	0.04897377278148263
0.286632	0.6740443824283483	0.2763859787270191	0.04956963884463261
0.289286	0.6487501462243188	0.30091933825444	0.05033051552124118
0.29194000000000003	0.6339719844077815	0.31486797772645847	0.051160037865760066
0.294594	0.6373102144538335	0.31083354389763784	0.051856241648528645
0.297248	0.6566969081699592	0.2910351052488047	0.0522679865812361
0.299902	0.6814515707596323	0.26609031269709216	0.05245811654327559
0.302556	0.7003215476808335	0.24708167980273854	0.052596772516427914
0.30521000000000004	0.7064783654655992	0.240701104651916	0.05282052988248484
0.307864	0.6977585001294627	0.24903626492155156	0.053205234948985713
0.310518	0.6778430940546925	0.2683861944393532	0.05377071150595436
0.313172	0.6562628824566663	0.28924545700369586	0.05449166053963783
0.315826	0.644336230150312	0.3003706168870434	0.05529315296264453
0.31848	0.6491845508053103	0.29482260810594835	0.05599284108874131
0.32113400000000003	0.6686933232660199	0.2748883494249779	0.05641832730900215
0.323788	0.6927098714758386	0.25068283803223507	0.05660729049192631
0.326442	0.7105994715076525	0.23267655158536596	0.05672397690698158
0.329096	0.7162466046731852	0.22684850143940866	0.056904893887406105
0.33175	0.707924505727138	0.23484754476679043	0.05722794950607152
0.33440400000000003	0.6887966398084294	0.2534900263672882	0.0577133338242824
0.337058	0.6676016059349971	0.27406030449818847	0.058338089566814466
0.339712	0.6551588542221364	0.28578974275153624	0.05905140302632739
0.342366	0.6579498880475632	0.28233975139203077	0.05971036056040607
0.34502	0.6733252610296091	0.2665465987548886	0.06012814021550228
0.34767400000000004	0.691540632345656	0.2481706003657226	0.0602887672886214
0.35032800000000003	0.7032758921732778	0.236376039775016	0.0603480680517062
0.352982	0.7041712562231837	0.23535910548770905	0.060469638289107286
0.355636	0.6939036212342625	0.24534747326135828	0.0607489055043792
0.35829	0.6756623556593563	0.26313414637806065	0.061203497962583064
0.36094400000000004	0.6570287234064198	0.2811723460033285	0.061798930590251655
0.36359800000000003	0.6472264157441711	0.290287356976031	0.06248622727979797
0.366252	0.6509934271997362	0.2858574713349957	0.06314910146526809
0.368906	0.6647460309006417	0.2716561716073348	0.06359779749202354
0.37156	0.6796850872317869	0.25653989826940427	0.06377501449880885
0.374214	0.6886190567827694	0.24755122283946807	0.06382972037776258
0.37686800000000004	0.6891257508785281	0.24692708806663013	0.06394716105484174
0.379522	0.6817653501268538	0.25400100017788735	0.06423364969525885
0.382176	0.6689044583918496	0.2663950939159027	0.06470044769224764
0.38483	0.656057193875376	0.27864572625380585	0.06529707987081818
0.387484	0.6502432143127521	0.2837897193749416	0.06596706631230631
0.39013800000000004	0.6544376410118642	0.27894042412389075	0.06662193486424506
0.39279200000000003	0.6647512601593869	0.2681464254471416	0.06710231439347147
0.395446	0.6742083422578494	0.25846692110687824	0.06732473663527233
0.3981	0.67819975226858	0.2543962826036208	0.06740396512779923
0.400754	0.6762129188598884	0.2562600251941063	0.06752705594600528
0.403408	0.6696737754668071	0.26251243263624496	0.06781379189694797
0.40606200000000003	0.6602067789136028	0.2715128710499413	0.06828035003645588
0.408716	0.6511334374441836	0.2799973708486153	0.06886919170720107
0.41137	0.6471425834805067	0.28334331256996304	0.06951410394953028
0.414024	0.649990590846666	0.27986539764393703	0.07014401150939698
0.416678	0.6566251564633607	0.2727403177610511	0.07063452577558815
0.41933200000000004	0.66238492920426	0.26672527379410005	0.07088979700164
0.421986	0.6644505912188506	0.26455929278521795	0.07099011599593141
0.42464	0.6630789156269691	0.2658011710732781	0.07111991329975281
0.427294	0.6600314093373534	0.26856082476126225	0.07140776590138437
0.429948	0.6561673414599477	0.2719624169928712	0.07187024154718108
0.43260200000000004	0.6524699614946594	0.27508747628122726	0.07244256222411333
